% --- Define the energy grid to be used with the detector
%     Grid type 1 (bins with aribtrary energy boundaries)
%     252 SCALE-6.2.3 Energy Group Structure 1e-11 MeV and 2e1 MeV.

%ene MyEnergyGrid 3 500 1e-11 2e1 
ene MyEnergyGrid 1 
0.000000000100 0.000000000500 0.000000000750 0.000000001000 0.000000001200 
0.000000001500 0.000000002000 0.000000002500 0.000000003000 0.000000004000
0.000000005000 0.000000007500 0.000000010000 0.000000025300 0.000000030000
0.000000040000 0.000000050000 0.000000060000 0.000000070000 0.000000080000
0.000000090000 0.000000100000 0.000000125000 0.000000150000 0.000000175000
0.000000200000 0.000000225000 0.000000250000 0.000000275000 0.000000300000
0.000000325000 0.000000350000 0.000000375000 0.000000400000 0.000000450000
0.000000500000 0.000000550000 0.000000600000 0.000000625000 0.000000650000
0.000000700000 0.000000750000 0.000000800000 0.000000850000 0.000000900000 
0.000000925000 0.000000950000 0.000000975000 0.000001000000 0.000001010000
0.000001020000 0.000001030000 0.000001040000 0.000001050000 0.000001060000 
0.000001070000 0.000001080000 0.000001090000 0.000001100000 0.000001110000
0.000001120000 0.000001130000 0.000001140000 0.000001150000 0.000001175000
0.000001200000 0.000001225000 0.000001250000 0.000001300000 0.000001350000
0.000001400000 0.000001450000 0.000001500000 0.000001590000 0.000001680000
0.000001770000 0.000001860000 0.000001940000 0.000002000000 0.000002120000
0.000002210000 0.000002300000 0.000002380000 0.000002470000 0.000002570000
0.000002670000 0.000002770000 0.000002870000 0.000002970000 0.000003000000
0.000003100000 0.000003200000 0.000003500000 0.000003730000 0.000004100000
0.000004700000 0.000005000000 0.000005400000 0.000006000000 0.000006250000
0.000006500000 0.000006750000 0.000006875000 0.000007000000 0.000007150000
0.000008100000 0.000009100000 0.000010000000 0.000011500000 0.000011900000 
0.000012900000 0.000014400000 0.000016000000 0.000017000000 0.000018500000
0.000019400000 0.000020000000 0.000020500000 0.000021200000 0.000021750000
0.000022500000 0.000025000000 0.000027500000 0.000030000000 0.000031250000
0.000031750000 0.000033250000 0.000033750000 0.000035000000 0.000035500000
0.000036000000 0.000037000000 0.000037130000 0.000037270000 0.000037630000
0.000038000000 0.000039100000 0.000039600000 0.000041000000 0.000042400000
0.000044000000 0.000045200000 0.000048300000 0.000050600000 0.000053400000
0.000058000000 0.000061000000 0.000063000000 0.000065000000 0.000067500000
0.000072000000 0.000076000000 0.000080000000 0.000081700000 0.000090000000
0.000097000000 0.000101200000 0.000105000000 0.000108000000 0.000113000000
0.000116000000 0.000117500000 0.000119000000 0.000122000000 0.000143000000
0.000170000000 0.000180000000 0.000187700000 0.000188500000 0.000191500000
0.000193000000 0.000202000000 0.000207400000 0.000209500000 0.000220000000
0.000240000000 0.000285000000 0.000305000000 0.000550000000 0.000670000000
0.000683000000 0.000950000000 0.001150000000 0.001500000000 0.001550000000 
0.001800000000 0.002200000000 0.002250000000 0.002500000000 0.003000000000
0.003740000000 0.003900000000 0.005700000000 0.008030000000 0.009500000000
0.013000000000 0.017000000000 0.020000000000 0.030000000000 0.045000000000 
0.050000000000 0.052000000000 0.060000000000 0.073000000000 0.075000000000
0.082000000000 0.085000000000 0.100000000000 0.128300000000 0.149000000000
0.200000000000 0.270000000000 0.330000000000 0.400000000000 0.420000000000
0.440000000000 0.470000000000 0.492000000000 0.550000000000 0.573000000000
0.600000000000 0.670000000000 0.679000000000 0.750000000000 0.820000000000
0.861100000000 0.875000000000 0.900000000000 0.920000000000 1.010000000000
1.100000000000 1.200000000000 1.250000000000 1.317000000000 1.356000000000
1.400000000000 1.500000000000 1.850000000000 2.354000000000 2.479000000000
3.000000000000 4.304000000000 4.800000000000 6.434000000000 8.187000000000
10.000000000000 12.840000000000 13.840000000000 14.550000000000 
15.680000000000 17.330000000000 20.000000000000